Run Order NaNO3 (mM) Sodium Acetate (mM) Urea (g/L)
Biomass Density (g/L) CaCO3 Precipitates (g/L)
Predicted Observed Predicted Observed
1 9 50 0.125 1.49 1.50 1.121 1.162
2 9 25 0.200 1.15 1.10 0.784 0.824
3 12 50 0.050 0.91 0.85 0.654 0.648
4 12 25 0.125 1.01 1.10 0.759 0.796
5 12 50 0.200 0.94 0.90 0.988 0.910
6 12 75 0.125 1.04 1.05 0.997 1.043
7 9 75 0.200 1.26 1.30 1.072 1.103
8 9 75 0.050 1.30 1.35 0.728 0.688
9 6 50 0.050 1.06 1.10 0.634 0.712
10 9 50 0.125 1.49 1.55 1.121 1.135
11 6 50 0.200 1.29 1.35 0.775 0.781
12 9 50 0.125 1.49 1.50 1.121 1.133
13 9 25 0.050 0.84 0.80 0.653 0.622
14 6 75 0.125 1.54 1.45 0.824 0.787
15 9 50 0.125 1.49 1.43 1.121 1.117
16 6 25 0.125 1.01 1.00 0.699 0.652
17 9 50 0.125 1.49 1.45 1.121 1.056
