Run PVA (% w/v) H. Speed (rpm) H. Time (min) p. Size (nm) ZP (mV) PDI EE (%) LC (%)
1 1.5 10000 10 297.466 -23.90 0.096 70.740 0.996
2 0.5 20000 7.5 305.400 -22.70 0.107 55.120 1.778
3 2.5 15000 5 327.433 -23.25 0.161 70.377 0.634
4 1.5 15000 7.5 305.200 -28.50 0.120 68.320 0.962
5 1.5 20000 5 332.466 -24.80 0.141 61.572 0.867
6 2.5 15000 10 339.333 -23.00 0.112 83.560 0.752
7 2.5 10000 7.5 300.766 -24.10 0.125 61.280 0.552
8 1.5 15000 7.5 311.700 -27.50 0.118 68.907 0.890
9 1.5 15000 7.5 299.300 -27.30 0.130 67.440 0.949
10 0.5 15000 5 281.700 -20.60 0.111 66.810 2.155
11 0.5 15000 10 291.900 -21.50 0.088 69.200 2.232
12 0.5 10000 7.5 275.000 -24.40 0.093 78.980 2.547
13 2.5 20000 7.5 355.500 -26.15 0.143 89.330 0.804
14 1.5 20000 10 332.433 -24.65 0.113 84.746 1.193
15 1.5 10000 5 301.766 -24.55 0.120 76.240 1.073
16 0.5 10000 7.5 273.750 -23.050 0.091 76.892 2.383