Run order Std. order PES conc. (wt.%) PVP conc. (K30 wt.%) BF (% of water) Air gap (cm) PWP (L/m2 h bar) Porosity (%)
E1 12 17 3 60 50 98.1 48.1
E2 18 17 3 20 37 45 46.6
E3 4 17 6 60 37 103.2 48.6
E4 14 14 6 20 37 151.4 49.6
E5 2 17 0 60 37 24.8 51.6
E6 26 14 3 60 37 105.6 56.4
E7 8 14 3 100 50 212.1 61.1
E8 19 11 3 100 37 252.1 66.8
E9 21 14 0 60 24 79.1 60.8
E10 5 14 3 20 24 75.5 53.2
E11 23 14 0 60 50 82.5 56.9
E12 24 14 6 60 50 203.4 52.8
E13 25 14 3 60 37 129.8 55.8
E14 15 14 0 100 37 105.9 61.3
E15 20 17 3 100 37 85.5 50.2
E16 3 11 6 60 37 452.2 70.8
E17 1 11 0 60 37 101.9 72.2
E18 9 11 3 60 24 171.6 65.4
E19 16 14 6 100 37 302.5 56.2
E20 11 11 3 60 50 228.6 62.3
E21 6 14 3 100 24 154.4 59.8
E22 13 14 0 20 37 67.8 59.9
E23 10 17 3 60 24 73 49.7
E24 17 11 3 20 37 140 60.4
E25 7 14 3 20 50 97.8 51.7
E26 27 14 3 60 37 118.8 58.6
E27 22 14 6 60 24 169.2 54.1
