Run TN TS LH WS (g) PT (s) EPC (MJ) σB (MPa)
1 240 20 0.2 1.99 ± 0.00 1168.60 ± 0.55 0.14 ± 0.00 69.12 ± 3.58
2 260 20 0.2 2.01 ± 0.00 1170.00 ± 0.00 0.14 ± 0.00 65.38 ± 3.59
3 240 60 0.2 1.98 ± 0.00 470.80 ± 0.45 0.07 ± 0.00 60.76 ± 2.69
4 260 60 0.2 2.00 ± 0.00 470.60 ± 0.55 0.07 ± 0.00 52.30 ± 3.35
5 240 40 0.1 1.98 ± 0.00 1220.60 ± 0.55 0.18 ± 0.00 76.91 ± 4.76
6 260 40 0.1 2.00 ± 0.00 1220.60 ± 0.55 0.18 ± 0.00 77.49 ± 4.50
7 240 40 0.3 2.00 ± 0.00 439.60 ± 0.55 0.07 ± 0.00 44.05 ± 1.66
8 260 40 0.3 2.03 ± 0.00 440.00 ± 0.71 0.07 ± 0.00 47.08 ± 2.62
9 250 20 0.1 2.00 ± 0.00 2271.60 ± 0.55 0.25 ± 0.00 76.47 ± 5.26
10 250 60 0.1 1.99 ± 0.01 921.60 ± 0.55 0.14 ± 0.00 76.31 ± 2.83
11 250 20 0.3 2.02 ± 0.01 887.60 ± 0.55 0.11 ± 0.00 47.48 ± 1.35
12 250 60 0.3 2.02 ± 0.01 330.60 ± 0.55 0.06 ± 0.02 44.62 ± 1.68
13 250 40 0.2 2.00 ± 0.00 626.60 ± 0.55 0.07 ± 0.00 56.71 ± 4.89
14 250 40 0.2 2.00 ± 0.00 626.80 ± 0.84 0.07 ± 0.00 58.70 ± 0.89
15 250 40 0.2 2.00 ± 0.00 627.20 ± 0.84 0.07 ± 0.00 55.11 ± 1.08
16 240 20 0.1 2.00 x 0.01 2271.80 x 0.84 0.25 x 0.03 84.52 x 1.28
17 250 60 0.3 2.01 x 0.02 331 x 0.71 0.06 x 0.02 49.45 x 2.37
