Exp_No   A     B     C     D     SF_MPa    E_GPa
1        1.4   45    260   90    133.80    4.64
2        0.8   90    240   130   182.13    6.49
3        1.4   0     260   90    121.57    4.06
4        2.0   0     280   130   141.80    4.86
5        0.8   0     280   130   117.61    3.64
6        2.0   45    260   90    141.04    5.13
7        2.0   0     240   50    97.56     4.31
8        1.4   45    240   90    120.54    4.31
9        0.8   0     240   130   110.62    3.59
10       2.0   0     280   50    121.73    4.49
11       0.8   45    260   90    118.69    3.96
12       1.4   90    260   90    170.49    6.63
13       0.8   90    240   50    144.19    6.00
14       2.0   90    240   130   180.70    7.01
15       2.0   90    240   50    148.70    6.31
16       0.8   0     280   50    107.90    3.59
17       0.8   0     240   50    77.40     3.43
18       1.4   45    260   90    130.20    4.43
19       1.4   45    260   130   134.82    4.53
20       2.0   90    280   50    153.60    6.31
21       2.0   0     240   130   132.22    4.70
22       1.4   45    260   90    136.30    4.75
23       1.4   45    260   90    135.60    4.65
24       0.8   90    280   130   185.04    6.67
25       0.8   90    280   50    150.27    6.12
26       1.4   45    280   90    127.31    4.26
27       1.4   45    260   90    137.83    4.80
28       1.4   45    260   90    130.20    4.50
29       1.4   45    260   50    112.28    4.06
30       2.0   90    280   130   183.00    6.63
31       0.8   90    280   90    171.99    6.41
32       1.4   90    260   50    151.07    6.36
33       2.0   45    280   50    125.71    4.52

