Run Temperature(oC) Time(min) pH Enzyme dosage(ml/kg) Experimental yield (g/g) RSM predicted yield (g/g) ANN predicted yield (g/g)
1 85 125 5.75 1.625 0.217 0.197 0.217
2 90 250 6.50 1.250 0.689 0.682 0.674
3 85 125 7.25 1.625 0.259 0.262 0.259
4 95 375 5.75 0.875 0.283 0.287 0.283
5 90 250 8.00 1.250 0.250 0.248 0.250
6 100 250 6.50 1.250 0.650 0.648 0.649
7 90 250 6.50 1.250 0.677 0.682 0.674
8 95 375 7.25 0.875 0.412 0.427 0.411
9 90 250 6.50 1.250 0.675 0.682 0.674
10 85 125 7.25 0.875 0.390 0.383 0.390
11 90 250 6.50 1.250 0.689 0.682 0.674
12 95 375 7.25 1.625 0.222 0.227 0.222
13 90 250 6.50 1.250 0.657 0.682 0.674
14 95 125 5.75 1.625 0.298 0.297 0.298
15 95 375 5.75 1.625 0.278 0.271 0.278
16 85 375 7.25 1.625 0.268 0.258 0.268
17 85 375 7.25 0.875 0.380 0.386 0.380
18 90 250 6.50 2.000 0.141 0.152 0.127
19 95 125 5.75 0.875 0.310 0.306 0.310
20 95 125 7.25 0.875 0.453 0.452 0.453
21 85 375 5.75 1.625 0.182 0.189 0.189
22 95 125 7.25 1.625 0.273 0.258 0.273
23 90 250 6.50 1.250 0.687 0.682 0.674
24 80 250 6.50 1.250 0.488 0.498 0.487
25 85 125 5.75 0.875 0.123 0.124 0.123
26 85 375 5.75 0.875 0.131 0.132 0.131
27 90 250 6.50 0.500 0.312 0.300 0.312
28 90 000 6.50 1.250 0.156 0.179 0.156
29 90 500 6.50 1.250 0.170 0.156 0.170
30 90 250 5.00 1.250 0.022 0.027 0.032