Standard Run A  B  C  D  E  Kerf
1   26  -1  -1  -1  -1   1   0.264
2   21   1  -1  -1  -1  -1   0.451
3   30  -1   1  -1  -1  -1   0.639
4   15   1   1  -1  -1   1   0.476
5   25  -1  -1   1  -1  -1   0.618
6   12   1  -1   1  -1   1   0.499
7   32  -1   1   1  -1   1   0.644
8    6   1   1   1  -1  -1   0.475
9   29  -1  -1  -1   1  -1   0.457
10  28   1  -1  -1   1   1   0.471
11  24  -1   1  -1   1   1   0.614
12  19   1   1  -1   1  -1   0.822
13  27  -1  -1   1   1   1   0.603
14  10   1  -1   1   1  -1   0.518
15  23  -1   1   1   1  -1   0.778
16   8   1   1   1   1   1   0.528
17  13  -1   0   0   0   0   0.604
18  20   1   0   0   0   0   0.455
19   2   0  -1   0   0   0   0.452
20   5   0   1   0   0   0   0.513
21  11   0   0  -1   0   0   0.546
22   7   0   0   1   0   0   0.557
23  17   0   0   0  -1   0   0.516
24   4   0   0   0   1   0   0.653
25  14   0   0   0   0  -1   0.553
26  31   0   0   0   0   1   0.472
27   3   0   0   0   0   0   0.602
28  22   0   0   0   0   0   0.629
29   9   0   0   0   0   0   0.611
30   1   0   0   0   0   0   0.597
31  18   0   0   0   0   0   0.519
32  16   0   0   0   0   0   0.603