Exp_No.	(A) Fin_height	(B) Pin_diameter	(C) Long_Pitch	(D) Trans_Pitch	Therm_resist_Rth_C_per_W	Pressure_drop_DeltaP_Pa
1	50	4 6 8	0.258	28.3
2	60 4 6 8 0.213 23.8
3 50 6 6 8  0.213 23.8
4 60 6 6 8 0.201 22.6
5 50 4 10 8 0.241 26.6
6 60 4 10 8 0.198 22.3
7 50 6 10 8 0.217 24.2 
8 60 6 10 8 0.193 21.8
9 50 4 6 12 0.235 26.2
10	60 4 6 12 0.204 22.9
11	50 6 6 12 0.231 25.6
12	60 6 6 12 0.201 20.9
13	50 4 10 12 0.236 26.1
14	60 4 10 12 0.198 21.8
15	50 6 10 12 0.212 23.7
16 60 6 10 12 0.189 21.4
17	50 5 8 10 0.231 25.6
18	60 5 8 10 0.203 22.8
19	55 4 8 10 0.224 24.9
20	55 6 8 10 0.211 23.6
21	55 5 6 10 0.235 22.5
22	55 5 10 10 0.214 23.9
23	55 5 8 8 0.223 24.8
24	55 5 8 12 0.218 23.7
25	55 5 8 10 0.224 24.8
26	55 5 8 10 0.232 24.6
27	55 5 8 10 0.223 25.1
28	55 5 8 10 0.222 24.7
29 55 5 8 10 0.227 24.4
30	55 5 8 10 0.223 24.5
1	50 4 6 12 0.235 26.2
2	55 5 8 10 0.224 24.8
3	60 6 10 8 0.193 21.8

