Std,Run,A,B,C,Ra
7,1,0.15,1250,0.6,1.69
18,2,0.3,1000,0.4,1.47
1,3,0.15,750,0.2,1.91
20,4,0.3,1000,0.4,1.47
9,5,0.15,1000,0.4,1.77
5,6,0.15,750,0.6,1.84
14,7,0.3,1000,0.6,1.52
6,8,0.45,750,0.6,1.38
3,9,0.15,1250,0.2,1.73
12,10,0.3,1250,0.4,1.56
15,11,0.3,1000,0.4,1.47
19,12,0.3,1000,0.4,1.47
11,13,0.3,750,0.4,1.62
13,14,0.3,1000,0.2,1.65
2,15,0.45,750,0.2,1.66
17,16,0.3,1000,0.4,1.47
8,17,0.45,1250,0.6,1.32
4,18,0.45,1250,0.2,1.61
16,19,0.3,1000,0.4,1.47
10,20,0.45,1000,0.4,1.37
21,21,0.4438,1181.46,0.5813,1.381633
22,22,0.4321,1192.3,0.5738,1.257665